================================================================================
  PORTFOLIO OPTIMIZER: FIFO vs Portfolio (priority+correlation)
  Date: 2026-06-10 06:02
  Signals: 7093 (OI Divergence, horizon=12, score >= 0.3)
  Tickers: 47 (WR>52%)
  Initial capital: 100,000 RUB
  Grid: mu=[0.1, 0.15, 0.2], mc=[2, 3, 5, 8], tm=[0.15, 0.2, 0.3], sl=[0.01, 0.02]
  Total: 72 combinations x 2 = 144 simulations
================================================================================

================================================================================
  DD <= 10%
================================================================================
  Method Rank      FinalCap     Ret% DD%      Calmar     Trades  mu     mc   tm     sl   
  --------------------------------------------------------------------------
  FIFO   1          139,539     39.5 7.78     5.08       891     0.1    2    0.15   0.01 
  PF     1          128,510     28.5 4.81     5.93       1557    0.2    5    0.15   0.01 
                                   Δ   -11.0          Δ            +0.84

  FIFO   2          139,539     39.5 7.78     5.08       890     0.1    2    0.15   0.02 
  PF     2          128,510     28.5 4.81     5.93       1557    0.2    8    0.15   0.01 
                                   Δ   -11.0          Δ            +0.84

  FIFO   3          139,539     39.5 7.78     5.08       891     0.1    3    0.15   0.01 
  PF     3          124,081     24.1 9.66     2.49       1230    0.15   5    0.15   0.01 
                                   Δ   -15.5          Δ            -2.59

  FIFO   4          139,539     39.5 7.78     5.08       890     0.1    3    0.15   0.02 
  PF     4          124,081     24.1 9.66     2.49       1230    0.15   8    0.15   0.01 
                                   Δ   -15.5          Δ            -2.59

  FIFO   5          139,539     39.5 7.78     5.08       891     0.1    5    0.15   0.01 

  FIFO   6          139,539     39.5 7.78     5.08       890     0.1    5    0.15   0.02 

  FIFO   7          139,539     39.5 7.78     5.08       891     0.1    8    0.15   0.01 

  FIFO   8          139,539     39.5 7.78     5.08       890     0.1    8    0.15   0.02 

  FIFO   9          100,000      0.0 0.00     0.00       0       0.2    2    0.15   0.01 

  FIFO   10         100,000      0.0 0.00     0.00       0       0.2    2    0.15   0.02 

================================================================================
  DD <= 15%
================================================================================
  Method Rank      FinalCap     Ret% DD%      Calmar     Trades  mu     mc   tm     sl   
  --------------------------------------------------------------------------
  FIFO   1          139,539     39.5 7.78     5.08       891     0.1    2    0.15   0.01 
  PF     1          427,131    327.1 10.09    32.41      1066    0.15   3    0.15   0.01 
                                   Δ  +287.6          Δ           +27.33

  FIFO   2          139,539     39.5 7.78     5.08       890     0.1    2    0.15   0.02 
  PF     2          128,510     28.5 4.81     5.93       1557    0.2    5    0.15   0.01 
                                   Δ   -11.0          Δ            +0.84

  FIFO   3          139,539     39.5 7.78     5.08       891     0.1    3    0.15   0.01 
  PF     3          128,510     28.5 4.81     5.93       1557    0.2    8    0.15   0.01 
                                   Δ   -11.0          Δ            +0.84

  FIFO   4          139,539     39.5 7.78     5.08       890     0.1    3    0.15   0.02 
  PF     4          160,062     60.1 11.97    5.02       2326    0.15   8    0.2    0.01 
                                   Δ   +20.5          Δ            -0.07

  FIFO   5          139,539     39.5 7.78     5.08       891     0.1    5    0.15   0.01 
  PF     5          153,612     53.6 11.72    4.58       1352    0.2    8    0.2    0.01 
                                   Δ   +14.1          Δ            -0.51

  FIFO   6          139,539     39.5 7.78     5.08       890     0.1    5    0.15   0.02 
  PF     6          124,081     24.1 9.66     2.49       1230    0.15   5    0.15   0.01 
                                   Δ   -15.5          Δ            -2.59

  FIFO   7          139,539     39.5 7.78     5.08       891     0.1    8    0.15   0.01 
  PF     7          124,081     24.1 9.66     2.49       1230    0.15   8    0.15   0.01 
                                   Δ   -15.5          Δ            -2.59

  FIFO   8          139,539     39.5 7.78     5.08       890     0.1    8    0.15   0.02 
  PF     8          122,872     22.9 12.34    1.85       821     0.2    5    0.15   0.02 
                                   Δ   -16.7          Δ            -3.23

  FIFO   9          100,000      0.0 0.00     0.00       0       0.2    2    0.15   0.01 
  PF     9          122,872     22.9 12.34    1.85       821     0.2    8    0.15   0.02 
                                   Δ   +22.9          Δ            +1.85

  FIFO   10         100,000      0.0 0.00     0.00       0       0.2    2    0.15   0.02 
  PF     10         118,655     18.7 10.79    1.73       1149    0.15   5    0.15   0.02 
                                   Δ   +18.7          Δ            +1.73

================================================================================
  DD <= 20%
================================================================================
  Method Rank      FinalCap     Ret% DD%      Calmar     Trades  mu     mc   tm     sl   
  --------------------------------------------------------------------------
  FIFO   1          139,539     39.5 7.78     5.08       891     0.1    2    0.15   0.01 
  PF     1          791,580    691.6 18.76    36.86      1052    0.2    5    0.2    0.02 
                                   Δ  +652.0          Δ           +31.78

  FIFO   2          139,539     39.5 7.78     5.08       890     0.1    2    0.15   0.02 
  PF     2          427,131    327.1 10.09    32.41      1066    0.15   3    0.15   0.01 
                                   Δ  +287.6          Δ           +27.33

  FIFO   3          139,539     39.5 7.78     5.08       891     0.1    3    0.15   0.01 
  PF     3          620,192    520.2 18.95    27.45      1334    0.2    5    0.2    0.01 
                                   Δ  +480.7          Δ           +22.37

  FIFO   4          139,539     39.5 7.78     5.08       890     0.1    3    0.15   0.02 
  PF     4          128,510     28.5 4.81     5.93       1557    0.2    5    0.15   0.01 
                                   Δ   -11.0          Δ            +0.84

  FIFO   5          139,539     39.5 7.78     5.08       891     0.1    5    0.15   0.01 
  PF     5          128,510     28.5 4.81     5.93       1557    0.2    8    0.15   0.01 
                                   Δ   -11.0          Δ            +0.84

  FIFO   6          139,539     39.5 7.78     5.08       890     0.1    5    0.15   0.02 
  PF     6          160,062     60.1 11.97    5.02       2326    0.15   8    0.2    0.01 
                                   Δ   +20.5          Δ            -0.07

  FIFO   7          139,539     39.5 7.78     5.08       891     0.1    8    0.15   0.01 
  PF     7          153,612     53.6 11.72    4.58       1352    0.2    8    0.2    0.01 
                                   Δ   +14.1          Δ            -0.51

  FIFO   8          139,539     39.5 7.78     5.08       890     0.1    8    0.15   0.02 
  PF     8          124,081     24.1 9.66     2.49       1230    0.15   5    0.15   0.01 
                                   Δ   -15.5          Δ            -2.59

  FIFO   9          100,000      0.0 0.00     0.00       0       0.2    2    0.15   0.01 
  PF     9          124,081     24.1 9.66     2.49       1230    0.15   8    0.15   0.01 
                                   Δ   +24.1          Δ            +2.49

  FIFO   10         100,000      0.0 0.00     0.00       0       0.2    2    0.15   0.02 
  PF     10         122,872     22.9 12.34    1.85       821     0.2    5    0.15   0.02 
                                   Δ   +22.9          Δ            +1.85


================================================================================
  BEST COMBINATION BY CALMAR (overall)
================================================================================
  FIFO: ret=187.8% DD=36.11% Calmar=5.20 trades=13 mu=0.1 mc=5 tm=0.3 sl=0.01
  PF: ret=34526.3% DD=55.57% Calmar=621.33 trades=935 mu=0.15 mc=5 tm=0.3 sl=0.02


================================================================================
  AGGREGATE COMPARISON (across all parameter combos)
================================================================================
  FIFO:
    avg return: 37.1%
    avg DD:     20.88%
    avg Calmar: 1.75
    avg trades: 128
    best Calmar: 5.20
    best return: 187.8%

  PF:
    avg return: 749.0%
    avg DD:     37.58%
    avg Calmar: 18.31
    avg trades: 533
    best Calmar: 621.33
    best return: 34526.3%
