======================================================================
  SCORE-BASED CASCADE — Capital Growth Pareto
  Date: 2026-06-10 04:08
  Score threshold: ≥ 0.4
  Signals: 6643
  Initial capital: 100,000 RUB
  Grid: mu=[0.05, 0.08, 0.1, 0.15, 0.2], mc=[2, 3, 5], tm=[0.1, 0.15, 0.2, 0.3], sl=[0.01, 0.02, 0.03]
  Total evaluated: 180
======================================================================

── TOP-10 by Calmar (DD ≤ 10%) ──

  Rank    FinalCap     Ret% DD%      Calmar   Trades  mu     mc   tm     sl   
  ----------------------------------------------------------------------
  1        282,308    182.3 6.79     26.85    76      0.2    2    0.2    0.01 
  2        282,308    182.3 6.79     26.85    76      0.2    2    0.3    0.01 
  3        282,308    182.3 6.79     26.85    76      0.2    3    0.2    0.01 
  4        282,308    182.3 6.79     26.85    76      0.2    3    0.3    0.01 
  5        282,308    182.3 6.79     26.85    76      0.2    5    0.2    0.01 
  6        282,308    182.3 6.79     26.85    76      0.2    5    0.3    0.01 
  7        223,830    123.8 4.98     24.86    76      0.15   2    0.15   0.01 
  8        223,830    123.8 4.98     24.86    76      0.15   2    0.2    0.01 
  9        223,830    123.8 4.98     24.86    76      0.15   3    0.15   0.01 
  10       223,830    123.8 4.98     24.86    76      0.15   3    0.2    0.01 

── TOP-10 by Calmar (DD ≤ 15%) ──

  Rank    FinalCap     Ret% DD%      Calmar   Trades  mu     mc   tm     sl   
  ----------------------------------------------------------------------
  1        282,308    182.3 6.79     26.85    76      0.2    2    0.2    0.01 
  2        282,308    182.3 6.79     26.85    76      0.2    2    0.3    0.01 
  3        282,308    182.3 6.79     26.85    76      0.2    3    0.2    0.01 
  4        282,308    182.3 6.79     26.85    76      0.2    3    0.3    0.01 
  5        282,308    182.3 6.79     26.85    76      0.2    5    0.2    0.01 
  6        282,308    182.3 6.79     26.85    76      0.2    5    0.3    0.01 
  7        223,830    123.8 4.98     24.86    76      0.15   2    0.15   0.01 
  8        223,830    123.8 4.98     24.86    76      0.15   2    0.2    0.01 
  9        223,830    123.8 4.98     24.86    76      0.15   3    0.15   0.01 
  10       223,830    123.8 4.98     24.86    76      0.15   3    0.2    0.01 

── TOP-10 by Calmar (DD ≤ 20%) ──

  Rank    FinalCap     Ret% DD%      Calmar   Trades  mu     mc   tm     sl   
  ----------------------------------------------------------------------
  1        282,308    182.3 6.79     26.85    76      0.2    2    0.2    0.01 
  2        282,308    182.3 6.79     26.85    76      0.2    2    0.3    0.01 
  3        282,308    182.3 6.79     26.85    76      0.2    3    0.2    0.01 
  4        282,308    182.3 6.79     26.85    76      0.2    3    0.3    0.01 
  5        282,308    182.3 6.79     26.85    76      0.2    5    0.2    0.01 
  6        282,308    182.3 6.79     26.85    76      0.2    5    0.3    0.01 
  7        223,830    123.8 4.98     24.86    76      0.15   2    0.15   0.01 
  8        223,830    123.8 4.98     24.86    76      0.15   2    0.2    0.01 
  9        223,830    123.8 4.98     24.86    76      0.15   3    0.15   0.01 
  10       223,830    123.8 4.98     24.86    76      0.15   3    0.2    0.01 
