======================================================================
  SWEEP: ALL SIGNALS (score >= 0.0) — EXTENDED GRID
  Date: 2026-06-10 04:53
  Signals: 7189
  Initial capital: 100,000 RUB
  Grid: mu=[0.15, 0.2, 0.25, 0.3], mc=[3, 5, 8, 10], tm=[0.2, 0.3, 0.5], sl=[0.01, 0.02]
  Total evaluated: 96
======================================================================

── No combinations with ≥900% return ──

── TOP-10 by Calmar (DD ≤ 10%) ──

  Rank      FinalCap     Ret% DD%      Calmar   Trades  mu     mc   tm     sl   
  --------------------------------------------------------------------------------
  1          100,000      0.0 0.00     0.00     0       0.25   3    0.2    0.01 
  2          100,000      0.0 0.00     0.00     0       0.25   3    0.2    0.02 
  3          100,000      0.0 0.00     0.00     0       0.25   5    0.2    0.01 
  4          100,000      0.0 0.00     0.00     0       0.25   5    0.2    0.02 
  5          100,000      0.0 0.00     0.00     0       0.25   8    0.2    0.01 
  6          100,000      0.0 0.00     0.00     0       0.25   8    0.2    0.02 
  7          100,000      0.0 0.00     0.00     0       0.25   10   0.2    0.01 
  8          100,000      0.0 0.00     0.00     0       0.25   10   0.2    0.02 
  9          100,000      0.0 0.00     0.00     0       0.3    3    0.2    0.01 
  10         100,000      0.0 0.00     0.00     0       0.3    3    0.2    0.02 

── TOP-10 by Calmar (DD ≤ 15%) ──

  Rank      FinalCap     Ret% DD%      Calmar   Trades  mu     mc   tm     sl   
  --------------------------------------------------------------------------------
  1          266,805    166.8 11.58    14.40    1501    0.2    3    0.5    0.01 
  2          266,805    166.8 11.58    14.40    1501    0.2    5    0.5    0.01 
  3          266,805    166.8 11.58    14.40    1501    0.2    8    0.5    0.01 
  4          266,805    166.8 11.58    14.40    1501    0.2    10   0.5    0.01 
  5          244,231    144.2 12.20    11.82    1501    0.2    3    0.5    0.02 
  6          244,231    144.2 12.20    11.82    1501    0.2    5    0.5    0.02 
  7          244,231    144.2 12.20    11.82    1501    0.2    8    0.5    0.02 
  8          244,231    144.2 12.20    11.82    1501    0.2    10   0.5    0.02 
  9          100,000      0.0 0.00     0.00     0       0.25   3    0.2    0.01 
  10         100,000      0.0 0.00     0.00     0       0.25   3    0.2    0.02 

── TOP-10 by Calmar (DD ≤ 20%) ──

  Rank      FinalCap     Ret% DD%      Calmar   Trades  mu     mc   tm     sl   
  --------------------------------------------------------------------------------
  1          266,805    166.8 11.58    14.40    1501    0.2    3    0.5    0.01 
  2          266,805    166.8 11.58    14.40    1501    0.2    5    0.5    0.01 
  3          266,805    166.8 11.58    14.40    1501    0.2    8    0.5    0.01 
  4          266,805    166.8 11.58    14.40    1501    0.2    10   0.5    0.01 
  5          244,231    144.2 12.20    11.82    1501    0.2    3    0.5    0.02 
  6          244,231    144.2 12.20    11.82    1501    0.2    5    0.5    0.02 
  7          244,231    144.2 12.20    11.82    1501    0.2    8    0.5    0.02 
  8          244,231    144.2 12.20    11.82    1501    0.2    10   0.5    0.02 
  9          100,000      0.0 0.00     0.00     0       0.25   3    0.2    0.01 
  10         100,000      0.0 0.00     0.00     0       0.25   3    0.2    0.02 
